activities-fu(p) 92.0 11.0 15.0 39.0 72.0 28.0 42.0 46.0 12.0 7.0 27.0 24.0 4.0 53.0 28.0 25.0 6.0 69.0
activities-ge(p) 24.0 12.0 19.0 11.0 157.0 38.0 68.0 13.0
activities-pa(p) 46.0 43.0 224.0 106.0 10.0 50.0 45.0 32.0 112.0 27.0 11.0 28.0 16.0 30.0 24.0 8.0
addiction(p) 75.0 58.0 110.0 22.0 80.0 44.0
animals(p) 42.0 91.0 40.0 33.0 74.0 22.0 33.0 445.0 60.0 221.0 35.0 600.0 250.0 45.0 488.0 53.0 67.0 187.0 68.0 64.0 403.0 309.0 53.0
art(p) 27.0 39.0 157.0
bg-spkr(p) 1.0 12.0
books(p) 420.0 133.0 146.0 107.0 89.0 127.0 60.0 50.0 22.0 12.0 470.0 31.0 55.0 84.0 49.0 10.0
break(p) 7.0 8.0 9.0 5.0 5.0 14.0 6.0 29.0 12.0 11.0 9.0 4.0 4.0 11.0 11.0 37.0 37.0 6.0 13.0 8.0 5.0 30.0 4.0 11.0 10.0 1.0 12.0 3.0 22.0 19.0 4.0 4.0 4.0 8.0 34.0 12.0 9.0 8.0 8.0 4.0 7.0 25.0 1.0 7.0 4.0 17.0 3.0 8.0 10.0 3.0 2.0 21.0 15.0 11.0 26.0 14.0 8.0 4.0 13.0 5.0 5.0 5.0 11.0 21.0 9.0 15.0 32.0 6.0 6.0 25.0 14.0 4.0 10.0 5.0 7.0 3.0 7.0 17.0 7.0 39.0 6.0 2.0 3.0 2.0 2.0 12.0 11.0 14.0 12.0 10.0
buying(p) 49.0 226.0 84.0 336.0 39.0 20.0 11.0 30.0 30.0 26.0 51.0 107.0 18.0 27.0 234.0 36.0 33.0 72.0 127.0 11.0 37.0 161.0 41.0 19.0 52.0
citizenship(p) 190.0 258.0 19.0 32.0
collection(p) 5.0 33.0 23.0 5.0
connection(p) 7.0 7.0 9.0 25.0 12.0 7.0 20.0 3.0 38.0 26.0 12.0 6.0 3.0 12.0 9.0 18.0 1.0 8.0 2.0 5.0 4.0 6.0 3.0 3.0 3.0 7.0 6.0 13.0 1.0 13.0 6.0 10.0 10.0 16.0 23.0 9.0 3.0 5.0 6.0 9.0 10.0 20.0 3.0 1.0 14.0 29.0 9.0 16.0 4.0 15.0 3.0 34.0 15.0 19.0 20.0 4.0 13.0 9.0 5.0 9.0 12.0 3.0 10.0 10.0 7.0 8.0 7.0 26.0 9.0 10.0 9.0 14.0 12.0 3.0 26.0 9.0 12.0 3.0 8.0 24.0 5.0 15.0
construction(p) 43.0 195.0 48.0 8.0 11.0 11.0 107.0 31.0 59.0 136.0 351.0 425.0
correspondence(p) 77.0 29.0 155.0 103.0 25.0
covid-19(p) 291.0 312.0 24.0 29.0 374.0 219.0 34.0 265.0 83.0 404.0 29.0 5.0 37.0 15.0 63.0 320.0 28.0 76.0 126.0 88.0 32.0 48.0 130.0 152.0 60.0 68.0 25.0 222.0 164.0
crosstalk(p) 3.0 2.0 3.0 5.0 3.0 2.0 3.0 1.0 5.0 2.0 10.0 4.0 3.0 3.0
dance(p) 142.0
dating(p) 18.0
directions(p) 23.0 18.0
distraction(p) 26.0 26.0 49.0
economy(p) 91.0 2.0 13.0 142.0
entertainment(p) 199.0 150.0 37.0 82.0 29.0 27.0 349.0 291.0 21.0 50.0 29.0 30.0 22.0 189.0 48.0 52.0 51.0 117.0 30.0 97.0 153.0 10.0 52.0 299.0 42.0 58.0 23.0 461.0 31.0 14.0 74.0 105.0 234.0 42.0 19.0 293.0 53.0 377.0 238.0 471.0 118.0
finances(p) 28.0 29.0 47.0 67.0 28.0
food(p) 443.0 64.0 22.0 325.0 16.0 72.0 30.0 299.0 17.0 120.0 114.0 144.0 87.0 108.0 58.0 293.0 22.0 88.0 98.0 81.0 151.0 11.0 76.0 161.0 228.0 425.0 22.0 39.0 20.0 144.0 116.0 17.0 9.0 42.0 20.0 99.0 136.0 21.0 45.0 220.0
friends(p) 19.0 26.0 20.0 122.0 146.0 9.0 113.0 130.0 23.0 41.0 77.0 26.0 66.0 42.0 13.0 15.0 15.0 25.0 16.0 59.0 79.0 88.0 35.0 53.0 320.0 86.0 272.0 2.0 46.0 28.0 32.0
goodbye(p) 10.0 6.0 4.0 24.0 10.0 5.0 28.0 7.0 11.0 4.0 8.0 12.0 9.0 5.0 3.0 9.0 6.0 12.0 6.0 10.0 17.0 5.0 29.0 10.0 16.0 7.0 10.0 8.0 8.0 16.0 6.0 7.0 18.0 10.0 3.0 16.0 11.0 2.0 12.0 20.0 9.0 7.0 9.0 4.0 15.0 15.0 3.0 8.0 7.0 14.0 7.0 4.0 13.0 7.0 20.0 12.0 7.0 10.0 7.0 4.0 6.0 11.0 8.0 5.0 9.0 16.0 6.0 7.0 10.0 5.0 7.0 11.0 7.0 8.0 12.0 10.0 10.0 8.0 10.0 18.0 15.0 6.0 26.0 28.0 7.0 16.0 5.0 9.0 7.0 6.0 5.0 8.0 2.0 4.0 4.0 17.0 8.0 10.0 12.0 4.0 33.0 1.0 6.0 4.0 9.0 7.0 4.0 12.0 21.0 14.0 5.0 4.0 7.0 16.0 5.0 7.0 33.0 4.0 4.0 5.0 5.0 4.0 12.0 6.0 13.0 11.0 3.0 38.0 7.0 14.0 3.0 11.0 4.0 12.0 13.0 4.0 8.0 29.0 11.0 8.0 24.0 16.0 4.0 11.0 17.0 2.0 10.0 9.0 11.0 24.0 5.0 6.0 14.0 23.0 18.0 49.0 5.0 18.0 34.0 36.0 12.0 5.0 11.0 2.0 11.0 33.0 8.0 19.0 14.0 16.0 4.0 12.0 26.0 7.0 8.0 19.0 7.0 5.0 7.0 9.0 10.0 9.0 18.0 38.0 20.0 5.0 10.0 5.0 6.0 13.0 7.0 17.0 8.0 10.0 22.0 9.0 9.0 8.0 4.0 12.0 9.0 6.0 7.0 10.0 6.0 21.0 7.0 8.0 41.0 16.0 12.0 13.0 12.0 11.0 9.0 15.0 3.0 15.0 2.0 21.0 4.0 8.0 18.0 6.0 5.0 10.0 15.0 3.0 6.0 19.0 13.0 4.0 6.0 2.0 13.0 7.0 17.0 9.0 9.0 7.0 11.0 6.0 4.0 11.0 7.0 23.0 8.0 11.0 11.0 6.0 10.0 7.0 4.0 15.0 35.0 15.0 2.0 2.0 13.0 7.0 6.0 8.0 14.0 11.0
health(p) 39.0 90.0 36.0 577.0 59.0 333.0 163.0 23.0 67.0 13.0 55.0 63.0 2.0 122.0 576.0 155.0 65.0 22.0 242.0 11.0 133.0 19.0 21.0 17.0 258.0 26.0 108.0 107.0 67.0 46.0 77.0
hello(p) 5.0 16.0 6.0 21.0 4.0 5.0 11.0 9.0 8.0 5.0 9.0 6.0 20.0 12.0 38.0 2.0 10.0 6.0 13.0 10.0 7.0 36.0 10.0 10.0 5.0 31.0 10.0 21.0 6.0 8.0 11.0 7.0 7.0 9.0 6.0 8.0 5.0 13.0 4.0 3.0 8.0 6.0 6.0 9.0 18.0 14.0 1.0 4.0 6.0 10.0 24.0 6.0 15.0 5.0 7.0 5.0 5.0 7.0 7.0 8.0 18.0 14.0 10.0 6.0 9.0 3.0 4.0 17.0 12.0 5.0 1.0 2.0 7.0 10.0 4.0 11.0 7.0 3.0 34.0 6.0 4.0 3.0 27.0 4.0 6.0 10.0 7.0 6.0 6.0 4.0 8.0 5.0 4.0 16.0 4.0 23.0 6.0 5.0 15.0 5.0 6.0 2.0 0.0 6.0 9.0 16.0 3.0 3.0 18.0 14.0 3.0 5.0 12.0 7.0 14.0 1.0 11.0 5.0 5.0 16.0 4.0 5.0 11.0 36.0 19.0 3.0 7.0 5.0 6.0 9.0 7.0 13.0 13.0 2.0 9.0 5.0 13.0 5.0 17.0 25.0 8.0 16.0 3.0 9.0 7.0 3.0 8.0 5.0 3.0 5.0 4.0 15.0 11.0 9.0 28.0 3.0 9.0 6.0 6.0 3.0 6.0 5.0 9.0 7.0 12.0 4.0 5.0 5.0 2.0 5.0 10.0 4.0 7.0 11.0 7.0 4.0 5.0 4.0 5.0 12.0 5.0 18.0 10.0 17.0 9.0 13.0 12.0 5.0 8.0 4.0 12.0 18.0 36.0 22.0 7.0 5.0 16.0 10.0 6.0 5.0 5.0 4.0 4.0 10.0 15.0 10.0 7.0 7.0 16.0 5.0 8.0 18.0 12.0 19.0 11.0 6.0 6.0 8.0 4.0 10.0 7.0 8.0 8.0 11.0 9.0 24.0 9.0 5.0 24.0 3.0 5.0 29.0 2.0 17.0 4.0 8.0 2.0 3.0 13.0 17.0 12.0 14.0 16.0 17.0 6.0 8.0 5.0 4.0 8.0 8.0 12.0 8.0 13.0 9.0 11.0 5.0 4.0 5.0 17.0 3.0 5.0
hobbies(p) 57.0 175.0 181.0 166.0 15.0 157.0 106.0 13.0 25.0 91.0 51.0 275.0 299.0 4.0 82.0 23.0 548.0 92.0 25.0 93.0 49.0 26.0 20.0 32.0 143.0 92.0 78.0 731.0 246.0 40.0 41.0 45.0 2.0 98.0 402.0 310.0 472.0 79.0 386.0
holiday(p) 148.0 17.0 24.0 79.0 13.0 102.0 38.0 88.0 87.0 165.0 59.0 50.0 16.0 17.0 26.0 26.0 69.0 67.0 48.0 21.0 313.0
home(p) 500.0 190.0 42.0 20.0 79.0
hygiene(p) 238.0
language(p) 107.0 97.0 12.0 153.0 11.0 25.0 158.0 6.0 8.0 30.0 147.0 58.0 28.0
law(p) 42.0 280.0
life(p) 7.0 25.0 15.0 16.0 23.0 48.0 6.0 37.0 16.0 157.0 60.0 33.0 33.0 17.0 167.0 41.0 24.0 23.0 16.0 50.0 48.0 154.0 57.0 24.0 162.0 12.0 37.0 28.0 201.0 103.0 57.0 19.0 75.0 16.0 14.0 28.0 6.0 22.0 26.0 328.0 21.0 8.0 103.0 121.0
location(p) 108.0 319.0 82.0 7.0 2.0 87.0 16.0 39.0 35.0 18.0 18.0 74.0 95.0
marriage(p) 481.0 49.0 22.0 79.0 80.0
meeting-fu(p) 385.0 25.0 64.0 55.0 1.0 13.0 74.0 18.0 324.0 12.0 124.0 28.0 7.0 24.0 18.0 43.0 157.0 37.0 73.0 62.0 54.0 63.0 84.0 27.0 22.0 17.0 127.0 36.0 1.0 15.0 51.0 49.0 55.0 82.0 22.0 9.0 6.0 48.0 126.0 220.0 56.0 26.0 138.0 105.0 22.0 113.0 32.0 58.0 31.0 23.0 8.0 45.0 7.0 9.0 38.0 13.0 71.0 74.0 20.0 5.0 18.0 98.0 87.0 82.0 163.0 24.0 15.0 26.0 60.0 41.0 56.0 482.0 64.0 24.0 40.0
meeting-ge(p) 23.0 30.0 89.0 3.0 19.0 9.0 10.0
meeting-pa(p) 5.0 318.0 36.0 2.0 11.0 6.0 5.0 21.0 181.0 5.0 22.0 40.0 54.0 4.0 40.0 158.0 127.0 109.0 103.0 40.0 43.0 61.0
mood(p) 6.0 11.0 64.0 31.0 23.0 7.0 10.0 32.0 12.0 12.0 23.0 4.0 9.0 21.0 5.0 25.0 3.0 3.0 20.0 1.0 8.0 2.0 56.0 16.0 30.0 7.0 1.0 7.0 21.0 14.0 55.0 43.0 12.0 8.0 13.0 36.0 7.0 5.0 11.0 53.0 55.0 30.0 125.0 34.0 49.0 13.0 90.0
music(p) 157.0 565.0 11.0 50.0 112.0 86.0 21.0 23.0 227.0 714.0 163.0 72.0 349.0 18.0 18.0 96.0
nature(p) 694.0 272.0 96.0 102.0 29.0 21.0 30.0 44.0 17.0 15.0 97.0 7.0 206.0 47.0
operator(p) 5.0 9.0
parenting(p) 36.0 10.0 87.0 38.0 85.0 265.0 119.0 132.0 516.0 21.0 12.0 120.0 42.0 18.0 314.0
performance(p) 180.0 132.0
personal(p) 249.0 7.0 20.0 4.0 54.0 71.0 30.0 28.0 44.0 64.0 47.0 97.0 17.0
politics(p) 195.0 12.0 445.0 330.0
real-estate(p) 15.0 80.0 352.0 60.0 323.0 122.0 9.0 42.0 210.0 177.0
religion(p) 134.0 64.0
romance(p) 12.0 228.0 17.0 8.0
school(p) 137.0 373.0 36.0 116.0 677.0 46.0 49.0 130.0 432.0 3.0 51.0 355.0 109.0 184.0 3.0 271.0 38.0 33.0 61.0 39.0 36.0 83.0 78.0 15.0 12.0 240.0 346.0 255.0 70.0 430.0 252.0 209.0 8.0 270.0 58.0 37.0 91.0 143.0
science(p) 464.0 30.0 23.0
society(p) 8.0 84.0 127.0 122.0
sports(p) 126.0 6.0 47.0 262.0 11.0 77.0 290.0 31.0 34.0 5.0 4.0 26.0 63.0 122.0 347.0 19.0 290.0 9.0 448.0 56.0 15.0 358.0 11.0 44.0 324.0 490.0 29.0 14.0 435.0 173.0 497.0 154.0 305.0
technology(p) 123.0 95.0 47.0 410.0 35.0 65.0 317.0 133.0 465.0 61.0 60.0 125.0 37.0 97.0 11.0 57.0 276.0
transport(p) 81.0 374.0 41.0 303.0 235.0 69.0 88.0 259.0 147.0 168.0 165.0 36.0 192.0 77.0 33.0 48.0 64.0 258.0 27.0 30.0 13.0 72.0 93.0 30.0 471.0 17.0 14.0 151.0 79.0 16.0
travel-fu(p) 12.0 77.0 330.0 86.0 52.0 63.0 16.0 30.0 187.0 477.0 192.0 13.0 61.0 115.0 50.0 183.0 225.0 191.0 33.0 21.0 27.0 1.0 3.0 4.0 28.0 59.0 89.0 17.0 18.0 110.0 11.0 163.0 138.0 29.0 327.0 219.0 84.0 27.0 173.0
travel-ge(p) 416.0 80.0 71.0 244.0 99.0 66.0 7.0 23.0 45.0 36.0 19.0 106.0 196.0 162.0 3.0 52.0
travel-pa(p) 74.0 13.0 152.0 14.0 284.0 136.0 110.0 62.0 192.0 63.0 17.0 35.0 378.0 314.0 37.0 101.0 3.0 17.0 26.0 9.0 65.0 154.0 7.0 234.0 426.0 44.0 21.0
tv(p) 639.0 36.0 41.0 264.0 555.0 340.0 115.0 99.0 18.0 43.0 64.0 58.0 478.0 463.0 24.0 19.0 89.0 80.0 8.0 108.0 430.0 200.0
unintelligible(p) 2.0 14.0 11.0
violence(p) 15.0
weather(p) 24.0 24.0 62.0 298.0 40.0 37.0 84.0 26.0 37.0 3.0 17.0 26.0 14.0 12.0 65.0 13.0 3.0 4.0 77.0 84.0 99.0 19.0 95.0 0.0 20.0 4.0 21.0 5.0 264.0 57.0 16.0 11.0 70.0 78.0 21.0 43.0 12.0 94.0
work(p) 21.0 175.0 18.0 325.0 137.0 255.0 147.0 356.0 45.0 251.0 10.0 217.0 100.0 462.0 186.0 60.0 50.0 26.0 164.0 86.0 13.0 258.0 90.0 34.0 24.0 9.0 37.0 19.0 27.0 89.0 279.0 67.0 109.0 27.0 75.0 416.0 8.0 21.0 352.0 228.0 7.0 400.0 6.0 646.0 27.0 458.0 58.0 7.0 2.0 14.0 157.0 121.0 90.0 7.0 65.0 481.0 318.0 273.0 48.0 41.0 17.0 259.0 111.0 55.0 31.0 306.0 56.0 17.0 41.0 172.0 78.0 114.0 65.0 111.0 272.0 66.0 47.0 31.0 37.0 49.0 26.0 6.0 87.0 171.0 114.0 59.0 40.0 314.0 146.0 61.0 11.0 57.0 43.0 83.0 60.0 135.0 35.0 476.0 42.0 34.0 69.0 14.0 25.0 27.0 19.0 202.0 17.0 27.0 181.0 540.0 11.0 403.0 230.0 127.0 564.0 3.0 421.0 62.0 69.0 22.0 144.0 73.0 116.0 11.0 60.0 282.0
