activities-fu(s) 13.0 45.0 30.0 17.0
activities-ge(s) 7.0
activities-pa(s) 10.0 18.0 23.0 94.0
addiction(s) 5.0 2.0 3.0 16.0 39.0 12.0 7.0
animals(s) 8.0 21.0 17.0 8.0 30.0 14.0 11.0 36.0 49.0 90.0
art(s) 94.0
bg-spkr(s) 4.0 11.0 2.0 4.0 5.0 5.0
books(s) 10.0 10.0 12.0 32.0 47.0 12.0 12.0 23.0 9.0
break(s) 10.0 10.0 7.0 34.0
buying(s) 2.0 35.0 11.0 227.0 2.0 32.0 6.0 15.0 23.0 3.0 9.0 2.0 8.0 10.0 5.0 3.0 23.0 7.0 19.0
citizenship(s) 9.0 39.0 30.0
clothing(s) 88.0 84.0
collection(s) 10.0 12.0
connection(s) 4.0 1.0 2.0 6.0 1.0 5.0 25.0 6.0 9.0 2.0 8.0 12.0 4.0 13.0 5.0 9.0 9.0 3.0 2.0
construction(s) 111.0 28.0
correspondence(s) 3.0 10.0 6.0 39.0 31.0 4.0 158.0 8.0 62.0
covid-19(s) 46.0 129.0 10.0 13.0 18.0 26.0 10.0 8.0 91.0 31.0 108.0 97.0 18.0 12.0 36.0 2.0 26.0 27.0 103.0 3.0 25.0 12.0 27.0 73.0 51.0 7.0 28.0 280.0 4.0 146.0 23.0 103.0 47.0 68.0 7.0 8.0 25.0
crosstalk(s) 2.0 3.0 4.0 5.0 1.0 2.0 2.0 2.0 8.0 4.0 3.0 3.0 4.0 3.0 3.0 2.0 3.0 2.0 2.0
directions(s) 28.0 8.0
distraction(s) 3.0 121.0 2.0
economy(s) 8.0 4.0 47.0
entertainment(s) 22.0 73.0 12.0 22.0 14.0 32.0 23.0 73.0 56.0 17.0 134.0 10.0 37.0
finances(s) 42.0 26.0 6.0 17.0 8.0 73.0 17.0 18.0 5.0 7.0 39.0 36.0
fitness(s) 7.0
food(s) 37.0 27.0 10.0 40.0 7.0 7.0 50.0 22.0 126.0 86.0 116.0 12.0 33.0 51.0 22.0 45.0 8.0 22.0 112.0 5.0 18.0 24.0 100.0 30.0 49.0 9.0 13.0 60.0 15.0 21.0 12.0 4.0 3.0 12.0 4.0 17.0 67.0 33.0 12.0 7.0 18.0 6.0 4.0 5.0
friends(s) 43.0 23.0 81.0 5.0 6.0 115.0 16.0 31.0 21.0 87.0 49.0 5.0 52.0 41.0 37.0 18.0 50.0 26.0 13.0 2.0 269.0 17.0
goodbye(s) 38.0
government(s) 51.0 11.0
health(s) 41.0 32.0 10.0 35.0 16.0 15.0 30.0 3.0 8.0 2.0 1.0 3.0 17.0 77.0 42.0 55.0 6.0 11.0 11.0 4.0 4.0 4.0 2.0 53.0 79.0 3.0 6.0 94.0
hello(P) 6.0
hello(s) 3.0 11.0
hobbies(s) 6.0 59.0 182.0 3.0 73.0 20.0 44.0 19.0 8.0 10.0 7.0 17.0
holiday(s) 28.0 161.0 59.0 9.0 82.0 14.0 47.0
home(s) 15.0 30.0
hygiene(s) 116.0 17.0 29.0
language(s) 14.0 4.0 21.0 18.0 21.0 82.0 23.0 77.0 3.0 41.0 9.0 11.0 39.0 4.0 8.0 6.0 10.0 15.0
law(s) 33.0 3.0
life(s) 119.0 6.0 70.0 15.0 29.0 48.0 26.0 6.0 8.0
location(s) 25.0 23.0 19.0 131.0 3.0 14.0 14.0 4.0 123.0 23.0 42.0 59.0 13.0 11.0 13.0 29.0 149.0 35.0 59.0 22.0 17.0
marriage(s) 23.0 6.0 18.0
meeting-fu(s) 33.0 7.0 9.0 9.0 15.0 12.0 7.0 30.0 5.0 6.0 27.0 18.0 7.0 30.0 15.0 9.0 25.0 4.0 4.0 8.0 4.0 20.0 24.0
meeting-pa(s) 8.0 23.0 10.0 16.0 2.0 7.0 12.0 5.0 15.0 17.0 35.0 29.0 11.0
mood(s) 2.0 3.0 13.0 10.0 5.0 6.0 4.0 2.0 11.0 6.0 5.0 10.0 27.0 8.0 18.0 12.0 37.0 7.0 1.0 3.0 4.0 2.0 5.0 5.0 46.0 51.0 2.0 2.0 14.0 2.0 10.0 2.0 16.0 12.0 18.0 7.0 2.0 9.0 6.0 11.0 6.0 8.0 8.0 9.0 32.0 53.0 11.0 121.0
music(s) 349.0 142.0 71.0 32.0 43.0 126.0 318.0 30.0 8.0 46.0
nature(s) 11.0 53.0 45.0 37.0 16.0 23.0 38.0 14.0 20.0 7.0 6.0 9.0 3.0
parenting(s) 4.0 60.0 67.0 7.0 35.0
personal(s) 170.0 28.0 18.0 37.0 11.0 2.0 4.0 1.0 10.0 3.0 12.0 12.0
politics(s) 19.0 9.0
real-estate(s) 96.0 105.0 3.0 11.0 42.0
romance(s) 54.0
school(s) 43.0 162.0 95.0 5.0 78.0 115.0 13.0 3.0 51.0 13.0 1.0 34.0 15.0 11.0 8.0 29.0 92.0 58.0 79.0 38.0 22.0 41.0
science(s) 59.0 69.0 17.0 168.0 4.0 18.0 6.0 4.0 12.0
society(s) 53.0 27.0 23.0
sports(s) 43.0 84.0 36.0 12.0 3.0 3.0 12.0 22.0 7.0 4.0 83.0 3.0 13.0
technology(s) 50.0 17.0 134.0 14.0 84.0 6.0 17.0 27.0 1.0 68.0 26.0 10.0 7.0 6.0
transport(s) 29.0 27.0 15.0 7.0 9.0 68.0 67.0 8.0 23.0 21.0 48.0 24.0 22.0 70.0 21.0 21.0 7.0 7.0 15.0
travel-fu(s) 20.0 30.0 35.0 19.0 91.0 15.0
travel-ge(s) 33.0 133.0 8.0
travel-pa(s) 28.0 24.0 49.0 2.0 88.0 12.0 6.0 5.0
tv(s) 8.0 7.0 93.0 210.0
violence(s) 62.0
weather(s) 5.0 5.0 30.0 12.0 4.0 2.0 12.0 12.0 1.0 22.0 10.0 1.0 10.0 12.0 2.0 10.0 6.0 28.0 8.0 30.0 11.0 8.0 13.0 4.0 45.0
work(s) 565.0 33.0 3.0 77.0 317.0 6.0 10.0 10.0 4.0 8.0 11.0 13.0 6.0 90.0 16.0 30.0 73.0 18.0 15.0 32.0 3.0 19.0 26.0 10.0 42.0 18.0 1.0 2.0 9.0 2.0 34.0 8.0 21.0 19.0 4.0 15.0 9.0 10.0 132.0
